-2462081428529088
-2641851503968196
4479685210701884
-2638003213131716
28312438648927
-2642401259642820
-2638552968945604
1187747426938945
431008564781098
431283442688042
431558320594986
431833198501930
-3312003869159361
432108076408874
432382954315818
430458808967210
430733686874154
-2452460701646793
-1084668262432561
-1084393384525617
-1085218018246449
-1084943140339505
-1084118506618673
1866146114957365
-1083568750804787
-1085218018246451
-1084943140339507
-1084118506618675
-1084668262432563
-1084393384525619
108576728948866
-2491218455658414
-2462081428533184
29961706094686
29686828187742
29411950280798
29137072373854
28862194466910
28587316559966
29686828187744
1084668229300288
29411950280800
29137072373856
28862194466912
28587316559968
30236584001631
-2641851503964100
-2638003213127620
-2638552968941508
-2642401259638724
1867795382403121
-2452460701650889
-2450811434209225
-2449437044674505
-2638003213123543
-2030797979557823
-1030517245747125
-1030242367840181
-1029417734119349
-1029142856212405
-1029967489933237
-1029692612026293
-2642401259634647
-2640202236379095
1845255394033722
1846354905661498
1189121816465486
-1903804318523321
-1896382615035833
-2638003213123524
-2638552968937412
-2642401259634628
1094838740910144
369710755897478
370260511711366
-1512927947280328
-2491768211460060
109401362661507
-3002766285029367
-2449437044678601
-2450811434213321
-1973623414308766
-1896382615031737
1845255394037818
1846354905665594
-3312828503011260
-3313378258825149
-3313103380918205
3956317669453886
-2492043089371054
330953031942207
-2638003213119428
-2638552968933316
-1512653069369292
-1102260456292274
-820785445646271
109401362657411
-3311728991379394
1785057123455035
-2030797979566015
-1029967489925045
-1029692612018101
-1030517245738933
-1030242367831989
-1512653069369289
-3311179235565504
1845255394041914
1846354905669690
-1896382615027641
-3310629479751612
-3310079723937724
-3312003869286333
-3311454113472445
-3310904357658557
-3314202892541885
327654497202241
3951369966874694
-2492043089366958
2829868071645244
2829318315831356
-822984468905915
-1512653069365196
-2638003213115332
-3007439209459667
-817486910906306
435406611447850
1011275850227773
1010451216506941
1785057123450940
-1085767774076721
-2018978229571520
-1512927947272136
-1512653069365193
109401362653315
-3704529575038909
1845255394046010
1846354905673786
-1903804318511032
-1896382615023545
-3704804452945855
-2492043089362862
-4230920773672896
-2634979556134855
-1843331242389444
-4229271506231235
-1108032838950847
435406611451946
-2638003213111236
1799625652375610
1863672213676081
-2030797979574207
-4345819728166809
-2626458425982890
1845255394050106
1846354905677882
-3701231040020407
-3701505917927351
-3700956162113463
-3702330551648183
-3702605429555127
-3701780795834295
-3702055673741239
-3703430063275959
-3702880307462071
-3703155185369015
1189121816449102
-2492043089358766
-1896382615019449
-1843331242385348
4478035943235644
-1101435822583733
333426933116991
-206158422089654
-819685934030777
332877177303103
3952744356417605
-2455759236554689
-2451361190043585
-2446963143532481
435406611456042
-1847179533082549
1865046603214897
-1896382615015353
-1903804318502840
3326572476731449
-2029148712136639
1845255394054202
1846354905681978
4125367606644806
-3704254697140155
-2025850177114051
-2492592845164495
-2493142600982446
-2494242112610222
330953031958591
-810340085477313
-2493692356796327
-2493967234703271
-2493142600982439
-2493417478889383
-2492592845168551
-2492867723075495
-819960811941823
3958516792467525
435406611460138
-1843331242381236
1864221969498161
1865046603218993
1862297824149553
1863122457870385
-1098687043518395
-1896382615011257
1845255394058298
1846354905686074
-2646249550446551
-3312278747176893
-3704529575051197
3959616304099397
-979389914664896
-200385986035641
-1100061433057209
1213311072391233
-1108032838938559
435406611464234
-1109682106380220
-1110231862194108
-1109956984287164
-1110781618007996
-822434713108416
-1110506740101052
-1111056495914940
-1843331242377140
-1098687043522491
-1096762898034618
-3312003869265852
1845255394062394
1846354905690170
-1896382615007161
3962914770337870
3962914770337871
3959616304103495
-2466754352983993
-2464830207635385
-2464555329728441
-1843331242373060
-1846080021581766
1782583222128712
1782858100035656
1783132977942600
1783407855849544
1783682733756488
-977465769312193
333152055222337
-1100336310968249
2418925584031806
-1083293872934705
-1083018995027761
-1083568750841649
-818861300322239
-1100611188875194
435406611468330
-822709591019456
29961706127455
-2452460701683657
-1847179533070261
1863672213692465
-1843331242373044
-2644600282996698
-1844155876089808
1845255394066490
1845805149880378
-642389694963642
-3706178842501052
1189121816432718
-3704804452966333
327379619319873
-2468953376382906
-1903804318490551
-2468128742662074
-1843331242368964
-2492592845156264
-2492867723063208
-2493692356784040
-2493967234690984
-2493142600970152
-2493417478877096
-819685934047165
1789180292165733
-1102260456320955
-818861300326335
435406611472426
-1112705763348413
-1100336310972345
-2452460701687753
-3002216529248246
-2449437044711369
-2450811434246089
-3001391895527413
-2489844066082747
-1903804318486456
-2029148712013755
-1896382614998969
29961706131558
-2029148712013756
-3829049304612827
-2029423589920701
3310629528535104
-2029423589920703
1784507367465074
1845530271977530
-2029148712013760
-1843331242364868
1782583222120520
1782858100027464
1783132977934408
1783407855841352
1783682733748296
1793028582858856
-2467304108806080
1792478827044968
1793578338672743
1503582149222526
1503307271315582
1504131905036414
1503857027129470
1504681660850302
1504406782943358
1792478827044967
1793303460765798
1503032393408638
1795227606114406
1793028582858853
-820510567772096
-976916013490111
-977465769303999
183893376761923
-818861300330431
3959616304111685
183343620948036
435406611476522
-469491471253438
-1100061433069497
-2449437044715465
-2450811434250185
-1098412165627834
-2636353945784249
-2635804189970361
-2646249550430167
-2469778003967919
1616007187177623
1615457431363735
-2636353945784250
-203959398809530
1781483710484582
333152055234623
-2466754352996288
-2464280451833792
-2464830207647680
-2464555329740736
1505781172473981
1505506294567037
1506056050380925
1505231416660093
333152055234626
1501932881776765
1501658003869821
1502482637590653
1502207759683709
-3000567261818836
-2999742628098004
-3000017506004948
1503582149218425
1504131905032313
1504131905032312
1503582149218424
1087966764089408
-1847179533057973
-3001941651349494
1784507367604284
-3706453720281014
-1102260456329147
-3310354601807805
-3704254697025465
-1903804318478264
-1896382614990777
1504131905032296
-2495341624213420
-977465769295807
-976916013481919
-1843331242356676
-2494516990492585
1781483710480486
1789455170060394
-2464555329605568
-2464280451698624
-2464830207512512
1506330928283773
1501383125958781
-2648723514126275
-2446963143421889
3970611320709187
1503032393400442
1504681660842106
-2455759236444097
1503582149214329
1504131905028217
-2451361189932993
1504681660842103
1087691886186560
1503032393400439
1784507367600189
-1897207248707518
-1896107737079742
3959066448617533
-3705354208657335
-1844155876073424
3970061564895298
-3703979819122619
-3310079723896765
1503307271307371
-2498090403278768
-2497540647464880
1503582149214314
-2496990891650992
-2494791868395437
-2496166257930157
1504131905028201
-2468403620585402
-2497815525371822
-2496441135837102
1503582149214312
-2495891380023214
1504131905028200
1054431626793030
-203959398801338
-2495066746302379
-2495341624209324
-2495616502116268
-2493967234674601
-2494242112581545
1781483710476390
1503857027121251
1054431626793029
-2539322089730026
-2539047211823082
-2538772333916138
-2494791868395430
1506330928279677
1501383125954685
1789180292149349
-819685934063551
1503307271303290
1503582149210234
1504131905024122
1503582149210233
1504131905024121
1503582149210232
1504131905024120
-1847179533049781
-2452460701704137
-1896382614982585
-3310354601799613
1785606879363128
-2496716013739953
-3705903964475320
-2538497456005105
-2541795990888433
-2541521112981489
-2541246235074545
-2540971357167601
-2542070868795377
-2539596967632881
-2539322089725937
-2539047211818993
-2538772333912049
-2540696479260657
-2540421601353713
-2540146723446769
-2539871845539825
-3311454113427385
-3310354601799609
-2497815525367728
-2497265769553840
332052543619135
333152055246911
-2495341624205228
1515127021305925
-1843331242348484
-1846080021557190
1781483710472294
-2647074184138692
-2647349062045636
-2646524428324804
-2646799306231748
-2647623939952580
-2647898817859524
1503857027117155
-2646249550417860
-1843606120394692
1054706504695874
1506330928275581
1501383125950589
-976916013473727
-977465769287615
-822709591044033
-3350761731755968
-3313103380864968
3968137419538496
3967037907910721
-3349662220128194
-2452460701708233
-2450811434266569
-2448062655197129
-2449437044731849
-3349662220128191
-4120969604517809
-4123718383587249
-1846080021413840
-3316401915748289
-3315852159934401
-645138474057657
-645413351964600
-2496990891642797
-2492317967224745
-2491768211410857
-2492043089317801
1515127021301829
-2491218455596969
-2491493333503913
-2490943577690025
-2465654841245625
-2465379963338681
-2466204597059513
-2465929719152569
-2466754352873401
-2464555329617849
-2465105085431737
-2464830207524793
1861473190461506
332052543623231
1781483710468198
-2539322089721834
-2539047211814890
-2538772333907946
-3350761731760059
-2493142600941508
-3349937098039227
-2493417478848453
-3349937098039226
1506330928271485
1501383125946493
3967312785813569
-2493692356751321
-2450811434270665
-2448062655201225
-2449437044735945
-3313103380860872
-3310079723884481
3969511809069123
3966763029999682
3970061564883009
31885851504743
-3698207383089082
-645413351968696
-3703155185553338
-1896382614974393
-645138474061753
-2538772333903856
-2538497455996912
-2542070868787184
-2541795990880240
-2541521112973296
-2541246235066352
-2539871845531632
-2539596967624688
-2539322089717744
-2539047211810800
-2540971357159408
-2540696479252464
-2540421601345520
-2540146723438576
-977465769279423
-821610079424439
-1843331242340292
-2493142600937412
-3350211975950257
-2537672822276072
-2493417478844357
1503032393384060
2419200461971520
2419475339878464
-2647623939944388
-2647898817851332
-2647074184130500
-2647349062037444
2438716824928325
-822709591052225
436231244943397
435956367036453
435681489129509
-2646524428316612
-2646799306223556
-820510567796672
-2646249550409668
-3313103380856776
-1847179533037496
437330756571173
437055878664229
436781000757285
436506122850341
-1847179533037493
-2634704678318009
1660262534791231
-1097037776117692
-2020627496927167
296593275199547
-3703155185557433
-2647898880421842
1659987656884285
1656963999907902
1656414244094014
-816937155010484
-816662277103540
-816387399196596
-2492867723030441
-2493142600937385
-2492317967216553
-2492592845123497
-2493967234658217
-2494242112565161
-2493417478844329
-2493692356751273
-2491768211402665
-2492043089309609
-2494516990472105
-2537947700178921
332327421538366
-821610079428538
1506605806170238
1501108248031358
2825470025052223
3951644745109574
292744984506415
3953843768365126
-3349387342233537
1501658003845242
-2476375079624641
1501383125938296
1501658003845239
-3313103380852680
1783407855804533
1783682733711477
1783957611618421
1784232489525365
1784507367432309
1784782245339253
1785057123246197
1785332001153141
1785606879060085
1785881756967029
-2020627496931262
-2644600282959830
601432811835460
296593275203643
3953843768365120
3951644745109568
3956317669527609
329853520379966
329303764566078
1506605806166142
1501108248027262
-976916013457343
-977465769271231
-3004140674498515
-822709591060417
-3313103380848584
-1896657492869056
-2540971357147133
434032221835307
1862297824198705
1783407855800436
1783682733707380
1783957611614324
1784232489521268
1784507367428212
1784782245335156
1785057123242100
1785332001149044
1785606879055988
1785881756962932
296593275207739
294119374045243
-2647624002523091
1501383125934186
334526444802112
1781483710451815
1086592403636293
1506605806162046
1504131904999550
-2459057771495360
1501108248023166
1501383125930105
1501932881743993
1501658003837049
-164651863105504
1501932881743992
1501383125930104
-166576008454110
434032221839403
1084118473424962
1874117574197325
-3313103380844488
600058422292552
1862297824202801
-166026252640220
1648992565481544
1084393351331907
445577093931051
1195993764061270
-3349387342241729
599508666478667
3957966936961081
296593275211835
-645413351985080
438155390304304
3305406848483400
331227909922875
1506056050348138
1501658003837034
1506056050348137
1501658003837033
1506056050348136
1501658003837032
1501658003837031
335351078527038
2877147076038710
2876597320224822
-977465769263039
329853520248896
1506056050348131
-2539322089701354
-2539596967608298
1191320839782472
1191595717689416
1191870595596360
1506605806157950
1501108248019070
3953843768352838
1501932881739898
-3313103380840392
1501658003832952
-815837643395011
-2478299224846272
3951644745097280
-166850886356958
3957692059050047
434032221843499
-2540421601325052
3953843768352832
-166850886356956
-2538497455980506
445302216028203
445851971842091
3957966936956990
-1897757004488638
-1269386166345674
294944007774268
-2538497455980502
-1911500899696574
296593275215931
438155390308400
-853221041532872
3324923209351227
2877147076042806
2876597320228918
1857075144114240
-816112521306042
-1096762898231221
-2539596967604202
-2539322089697258
1503857027084417
1506605806153854
1503582149177470
342497903972414
1501108248014974
1502757515456636
1501383125921913
1501932881735801
1501658003828857
1501383125921912
1501932881735800
-166850886352862
-819136178282437
-3313103380836296
1862297824210993
-166850886352860
445577093939243
3320800040751160
3957417181139006
-471690494554048
3324648331448379
3324923209355322
3957417181139004
3956867425325116
3956317669511228
3955767913697340
3955218157883452
296593275220027
438155390312496
1502207759646797
-4381553853357886
1502207759646796
1506056050339946
-853495919443913
1501658003828842
1856800266211392
1506056050339944
1501658003828840
1506056050339943
1501658003828839
331777665744958
2876597320233014
2877147076046902
1506056050339939
329853520257087
-2539596967600106
-2539322089693162
1506605806149758
1501108248010878
-977465769254847
-1097037776142268
-1896657492852672
1501658003824761
-3313103380832200
-2482697271365568
-166850886348766
4355165605126206
447776117198890
-166850886348764
1862297824215089
-1026943833006009
-1026394077192121
-1026668955099065
441728803246126
3958516692762684
294944007782460
3957692059041849
3956317669507129
3954943279972409
296593275224123
438155390316592
-4381553853361982
1502207759642700
2876597320237110
1501932881735755
1189396694421584
2877147076050998
1513202875920453
-2539596967596010
-2539322089689066
-2462081428488128
1506605806145662
1501108248006782
-815562765500352
1501658003820666
31336095723615
-1027768466722745
-1028043344629689
-1027218710908857
-1027493588815801
1501658003820663
-3313103380828104
-166850886344668
1862297824219185
1011275850170429
-1269386166333386
-1026943833001910
448050995109933
1781483710718011
296593275228219
438155390320686
-4381278975459131
437605634506800
1194894252556366
-2462906062213049
2877147076055094
2876597320241206
-2462081428492224
-2649823025663934
-2650372781477822
-2649823025663936
-2650372781477824
-819411056201663
-3007164331499475
-819136178294720
-3313103380824008
-2541521112936445
-2541246235029501
-2540971357122557
-2540696479215613
-2541795990843389
-2541246235029502
3957692059033663
3956867425312831
-2539596967591898
1198467665203286
-1171254740426676
-1171529618333620
3955767913685054
3955218157871166
1781483710713916
-2539596967591894
1089066275770438
-3004965308248000
437605634510896
-853221041549256
3957417181126716
3957692059033660
3956867425312828
3957142303219772
3956317669498940
1189396694413392
3956592547405884
3955767913685052
3956042791591996
3955218157871164
334801322733633
-2462906062217145
334526444826688
334801322733632
1511828486377540
-816937155043258
-2462081428496320
330953031897152
333976689012802
-815562765508541
1506330928230525
1501383125905533
-815562765508544
-1027768466714553
-1028043344621497
-1027218710900665
-1027493588807609
-1026668955086777
-1026943832993721
-2483521905098690
-3313103380819912
437605634793518
1862297824227377
2559663094661198
2559113338847310
1086867252518983
1781483710709819
2558838460940366
3970886198562881
-1029142856249265
-1028593100435377
3968412297400385
-1027768466714545
-1028043344621489
3967862541586497
-1027493588807601
3967312785772609
1088791397867591
1088241642053703
1088516519960647
1087691886239815
1087966764146759
109126484795523
437605634514992
-2403532410351610
282299614019646
1194894252548174
334251566923839
-2462906062221241
1511553608466501
1511828486373444
-2467853864546235
334251566923842
333976689016898
-815562765512637
1506330928226429
1501383125901437
-2650372781486016
-815562765512640
432108076380202
1862297824231473
-2539596967583702
3295236365815877
-1030242367868874
-1029692612054986
-2462906062225337
501652198289459
334251566927936
333152055300159
335625956462655
1864771725398053
334251566927939
333976689020994
1506330928222333
1501383125897341
1503582149152890
1503582149152889
1504131904966777
409568086196287
412041987358783
1504131904966776
1503032393339000
1503582149152888
410942475731008
410667597824064
411492231544896
411217353637952
412041987358784
-1084668262407986
412041987358785
409018330382401
1862297824235569
429634175361071
427984907919407
-2493142601027542
-2021177252786113
-2018978229530561
3301008801865797
3300733923958853
3302932947214408
-1031891635306442
-3702880307417019
1194894252539982
335351078559807
1189396694401102
-2462906062229433
497254151782448
333976689025090
330953031909439
1506330928218237
1504956538683517
1501383125893245
1502757515427965
-3349387342278590
1503032393334906
1504681660776570
1503307271241849
1503582149148793
1504131904962681
657233055809618
1504681660776567
1503032393334903
-166850886324190
-2640751992360891
1012100483911738
1011000972283962
1010726094377018
-2640202236547003
1009901460656186
1009626582749242
1010451216470074
1010176338563130
432108076388394
1862297824239665
437880512573485
1863672213774385
1863947091681329
1864221969588273
1864496847495217
432108076388396
431558320574509
-2452460701626313
3303482703032389
3302932947218501
3303207825125445
3302383191404613
3302658069311557
-29961691045819
-2640477114449877
1503857027059789
3305956604194886
1503582149148778
1504131904962666
1503857027059787
1504131904962665
1504681660776552
1503582149148776
1504131904962664
1503582149148775
-2462906062233529
334251566936127
1503582149148771
1504131904962659
-199286474317750
333976689029186
-900774901592001
-901324657405889
1506056050307197
2558563583049788
1505231416586365
1505781172400253
1505506294493309
1501932881703037
1501658003796093
1502482637516925
1502207759609981
4361212919107647
4361487797014591
-815287887617985
1503582149144697
1504131904958585
1503582149144696
1504131904958584
-166850886320094
-1901880173195198
-2452460701630409
-2449437044654025
-2450811434188745
1845530271920185
-3008813598965696
1194619374624848
333152055312447
327104741359679
-1900230905753529
-29686813134773
-2462906062237625
108851606872186
334526444847170
334251566940224
1189671572299848
1504681660768382
1504406782861438
1503032393326718
1503582149140606
1503307271233662
1504131904954494
1503857027047550
-900774901596097
-901324657409985
410667597836351
411767109464127
1188572060672065
410667597836352
411767109464128
-166850886315998
410667597836353
411767109464129
410667597836354
411767109464130
-2640751992352708
410667597836355
411767109464131
-2450811434192841
-2030797979541437
-2449437044658121
504675799154752
605830858436650
1189121816481870
-29411935223733
-3008813598969793
-2462906062241721
-900774901600193
-901324657414081
1189671572295746
411492231561279
1187747426947137
411492231561280
3967862541561921
3967862541561919
-2030797979545534
1194619374616655
-2462906062245817
-29961691033524
1094838740897856
330953031925823
1189671572291656
-900774901604289
-2641851503972292
-901324657418177
-2638003213135812
-2642401259646916
-2638552968949700
-2462081428524992
-3007988965253075
1188572060663873
3969786687045697
-1031067001569204
29686828179558
-2030797979549631
1865871237046325
1866420992860213
29686828179563
-2468953376341945
-3008813598977985
-2462906062249913
-2491493333569453
-2491493333569454
-2491768211476398
